100
141 7
148 6
155 4
162 6
169 1
176 5
183 6
1 4
8 10
15 10
22 10
29 8
36 2
43 1
50 3
57 2
64 10
71 3
78 6
85 1
92 9
99 1
106 4
113 5
120 3
127 10
134 5
190 4
197 5
274 3
281 1
288 5
295 8
302 3
309 5
316 1
323 7
330 9
337 5
344 8
351 5
358 1
365 6
372 8
379 9
386 6
393 5
400 4
407 1
414 9
421 5
428 10
435 8
575 8
582 3
589 1
596 6
603 1
610 5
617 2
624 3
631 3
638 6
442 5
449 8
456 7
463 2
470 9
477 8
484 4
491 2
498 8
505 10
512 1
519 1
526 7
533 1
540 9
547 5
554 6
561 8
568 2
645 4
652 3
659 10
666 1
673 9
204 9
211 7
218 8
225 1
232 9
239 10
246 8
253 10
260 10
267 3
680 3
687 2
694 9
9999
