(1) 1 / 2n

Max = [11.66, 13.05, 14.82, 15.39, 16.09, 16.21, 16.97, 17.62, 18.13, 18.09]
secondMax = [7.98, 9.69, 10.79, 11.61, 12.04, 12.44, 12.88, 13.92, 13.45, 13.83]

--------------------------------
(2) 1/n - (n^0.1)/(n^4/3)

Max: [33.17, 48.98, 60.09, 74.05, 83.8, 85.16, 105.55, 105.69, 112.21, 128.31]
SecondMax: [18.75, 28.33, 34.96, 43.9, 49.87, 55.18, 60.21, 61.39, 66.3, 75.14]

--------------------------------
(3) 1/n + (n^0.1)/(n^4/3)

Max: [283.07, 483.96, 736.69, 898.05, 1112.9, 1255.11, 1442.21, 1559.26, 1747.3, 1824.55]
SecondMax: [35.53, 55.3, 66.56, 80.01, 86.41, 102.42, 114.42, 125.56, 140.04, 145.46]

--------------------------------
(4) 1/n - 2/(n^4/3)

Max: [32.04, 50.72, 68.56, 85.75, 94.95, 110.38, 128.45, 130.83, 136.05, 150.16]
SecondMax: [18.58, 29.82, 38.26, 47.4, 53.43, 58.63, 66.12, 73.25, 78.86, 82.89]

--------------------------------
(5) 1/n + 2/(n^4/3)

Max: [275.73, 462.89, 619.71, 745.46, 940.47, 1015.36, 1223.98, 1244.98, 1399.62, 1516.83]
SecondMax: [37.21, 57.2, 83.64, 95.67, 105.89, 130.59, 126.98, 164.08, 157.14, 166.26]

--------------------------------
(6) 2/n

Max: [797.38, 1588.67, 2390.78, 3191.14, 3982.29, 4778.64, 5573.52, 6378.6, 7159.94, 7960.65]
SecondMax: [5.9, 7.3, 7.67, 8.35, 8.55, 8.95, 9.1, 9.75, 10.29, 10.36]
