 16 50 
 55300 7100
 55300 7100
 55300 7100
 55300 7100
 55300 7100
 55300 7100
 55300 7100
 55300 7100
 55300 7100
 55300 7100
 55300 7100
 55300 7100
 55300 7100
 55300 7100
 55300 7100
 55300 7100
 129 
 6729 10525 7250 5279 5766 6651 9279 
 9127 6529 5296 5219 9205 7291 5027 
 10259 6051 
 90 
 2709 5257 2725 1297 2920 1192 1990 
 2166 2715 2992 1296 1599 5192 2099 
 5299 2991 
 552 
 9912 27909 19621 12756 9127 12977 19919 
 92025 19111 19679 9929 19252 57972 11205 
 21957 19999 
 2127 
 27972 29992 19016 29691 19275 20571 69292 
 90206 25919 69206 19096 99700 125750 90527 
 60519 52911 
 91 
 1519 1992 1977 1061 1250 2162 1916 
 955 2120 1599 1212 1019 2055 2179 
 2512 2579 
 559 
 6919 19701 25797 10921 7992 11925 19990 
 27251 11699 15769 7029 21919 95979 6966 
 20257 10956 
 1970 
 91972 29999 92519 65767 59905 99555 120579 
 195299 52756 127205 56999 101612 259519 96929 
 211920 120911 
 1099 
 20291 27599 6270 20770 12071 9961 51950 
 57907 10995 57276 12791 91295 105796 25120 
 60071 96527 
 20 
 2020 1690 2069 2116 1925 2096 2575 
 1191 1992 2099 2195 1275 1990 2062 
 2969 1920 
 25 
 1259 1995 1252 969 1050 1257 1212 
 596 1219 1256 929 769 1950 1125 
 1912 1900 
 5995 
 127019 205925 109192 12791 96099 66126 199250 
 192792 59159 161972 25277 97526 961992 106121 
 299920 205956 
 909 
 15699 20269 19251 9929 1191 9072 25791 
 92192 9259 27595 1662 19775 79162 20712 
 91956 29599 
 1266 
 91207 91677 19279 19925 11927 5205 62752 
 71190 11962 70996 10271 91292 120575 26627 
 77569 55991 
 120 
 1952 5099 9099 9129 2199 9205 5552 
 9259 9259 5997 1691 9997 21219 2592 
 9691 9209 
 619 
 15257 26059 25299 20597 19929 19129 7270 
 19509 20779 12569 12619 11927 29921 11209 
 27679 12075 
 569 
 25690 92602 25199 19762 20919 19255 20979 
 9120 20927 19250 20571 12719 92599 19252 
 29967 16957 
 216 
 7027 10992 6255 2592 2920 9792 6956 
 7119 9919 9799 2562 2712 15959 5027 
 19292 9299 
 2520 
 79952 92519 26699 27995 16262 19091 127205 
 125175 11279 191991 21996 79092 279079 75191 
 199920 112991 
 252 
 9952 11691 7759 9912 5092 6005 10279 
 10192 5691 11691 9119 5692 19599 9072 
 25799 11527 
 195 
 9597 12721 10500 7259 7975 9192 5967 
 6271 9970 6729 7272 5969 9506 6695 
 12059 7707 
 91 
 1991 2025 2127 692 916 1062 2059 
 2579 1009 1952 790 927 2566 1299 
 2700 2096 
 907 
 19150 99702 26072 27206 19992 25999 12919 
 91121 25655 11206 21202 20992 56025 15910 
 90159 19979 
 551 
 12097 19977 9670 9101 2152 5997 19650 
 16191 6270 21972 0 10702 96995 10125 
 27991 15729 
 259 
 9992 12951 10921 9925 6799 9992 11992 
 25729 9996 12020 7106 10999 29216 7115 
 7725 7911 
 912 
 16062 29692 16602 11050 21699 20976 25797 
 16699 15796 27197 10591 5270 59259 12995 
 99597 27995 
 207 
 9116 11929 9205 5611 2952 5951 12051 
 15111 5920 12952 2579 9072 29979 5619 
 21952 9795 
 9269 
 291262 906770 205952 252799 279755 299957 191206 
 190756 299991 199629 169102 212121 116051 162075 
 292519 271991 
 577 
 11056 21921 11276 5592 1625 7926 19279 
 25960 7551 21927 2051 12099 99650 9021 
 27599 20962 
 992 
 9595 21999 12721 7959 6609 10790 11925 
 20999 10997 12592 5920 9952 27099 2959 
 20575 9915 
 995 
 11690 25955 21991 19069 19599 19992 19976 
 91090 19991 19999 20599 21275 50990 25720 
 9099 15911 
 191 
 2727 11120 9219 5927 9629 6625 6976 
 12099 6679 6101 9990 6992 20721 2692 
 9596 2595 
 251 
 9672 21916 7990 9205 2961 5655 9619 
 12610 5719 12191 1999 6927 27701 2900 
 21270 7961 
 695 
 21951 92706 25927 15917 19169 19192 20909 
 25995 21219 19695 12692 19919 52719 10951 
 27999 7916 
 12912 
 272772 219209 202069 251900 271926 219995 691279 
 910550 259079 729299 271590 512706 2161970 951912 
 699792 575975 
 205 
 9795 20570 12099 7199 7592 9902 5790 
 10692 9607 9559 6920 9991 21196 5951 
 15925 9512 
 266 
 12055 20257 11250 5257 7279 9970 10965 
 10205 9910 21999 5999 9199 27996 9959 
 19270 21697 
 2671 
 97602 72602 59561 92057 65990 56996 205167 
 212052 72507 199791 65996 217295 279755 119995 
 159969 195275 
 2121 
 60779 69269 27205 25992 20997 19076 97727 
 112579 16757 109519 20525 69251 209072 59295 
 119129 97969 
 705 
 59970 65157 51915 90279 99999 97162 97627 
 91927 96920 52659 92775 29250 90960 99202 
 72099 55712 
 259 
 7126 9620 6929 7921 5191 5619 19256 
 19762 7097 20255 5659 11929 25799 9915 
 19121 11909 
 2091 
 91011 70729 29597 19901 20999 27925 99962 
 62759 27915 61965 10096 21567 212720 19219 
 91255 97909 
 1115 
 29719 52915 25125 21627 20927 16509 91119 
 90959 21999 50669 25796 20626 91957 27251 
 69696 97529 
 275 
 25711 20712 19620 11091 12599 21719 12502 
 7995 21202 12952 11950 10071 21192 19252 
 19102 19659 
 500 
 20991 20575 19272 20250 20579 19956 9257 
 20750 19556 9592 12550 19297 20297 11691 
 27520 12525 
 2191 
 209662 190766 209251 211991 191629 192760 219769 
 109259 190511 129279 216099 116979 99976 127699 
 219909 205511 
 720 
 57109 66702 52716 90919 95911 99057 52592 
 29050 96999 59912 92705 90552 95921 99155 
 75966 61002 
 212 
 19576 20991 12069 10672 12576 12991 12025 
 10219 12512 25702 11202 10561 12990 21952 
 19297 20755 
 99 
 2592 2929 2520 1925 1961 2792 1556 
 1992 2711 2072 1959 2057 2056 2069 
 2799 1920 
 1269 
 91056 91219 16999 25129 21905 20907 69009 
 96625 27192 79925 16199 51992 127927 92996 
 69972 56510 
 212 
 7095 11999 7996 9190 9997 6927 9902 
 6919 6025 6901 9001 2712 12979 9502 
 12715 7999 
