0.24032333259056007 | 0.21303120287157928
0.24562421168072446 | 0.21419041279536738
0.2368715583944126 | 0.21247391256656425
0.24465036599685058 | 0.21483710241022982
0.2450134512449634 | 0.2150133846557888
0.24006940323205664 | 0.21287032864188102
0.2469913609021438 | 0.22013317576302252
0.24245525167759746 | 0.21582094664946047
0.24396501444465973 | 0.212657140681864
0.24359332610746925 | 0.21608983707077445
0.23911313698048361 | 0.2133413915648842
0.23880412842524168 | 0.21339440311983332
0.23903089676663425 | 0.2123592429655447
0.24192194228870198 | 0.2162699777043794
0.24084027121992818 | 0.2155980552091292
0.23564256708335798 | 0.2110831120652156
0.23848609021867662 | 0.21123494729448028
0.24370038903781716 | 0.215722766540334
0.24694675192546467 | 0.21628215255160285
0.24444261287376576 | 0.21590585735112336
0.23961573316040277 | 0.2111914204349019
0.24551198415447914 | 0.21351350371895547
0.2415544480663217 | 0.21435315031059576
0.24253655051873435 | 0.21576772564062482
0.2405033085403156 | 0.21112339517841147
0.24441035528614818 | 0.22120169827138153
0.24305207911534746 | 0.21261892225454898
0.24006605034901748 | 0.21464328681472455
0.24314081851492975 | 0.21436404303163595
0.2422007700973819 | 0.2154838540133061
0.24236537532048566 | 0.21238204604924765
0.2433401612265269 | 0.2161697991410549
0.23994080477984342 | 0.21165456003709845
0.24244646584261306 | 0.2182857681161533
0.23825888806051693 | 0.213031988785847
0.2441758220426056 | 0.21862739489314234
0.2452535602006113 | 0.216286012690716
0.24351602046831414 | 0.21380705250341603
0.2436977497412891 | 0.2167242994733096
0.24498934403458147 | 0.21341391776459692
0.24165467634863197 | 0.21535982739068057
0.2412339654033545 | 0.21365076813973097
0.24112753797135938 | 0.2168770540437687
0.24397517672804664 | 0.21789315084875693
0.24280016922841374 | 0.21186046793471688
0.24115231159309072 | 0.2152203543051579
0.2479291824758487 | 0.2172242803065566
0.24361480632258092 | 0.2132705826835775
0.23776131055397395 | 0.21291771952042587
0.24496634547919957 | 0.2136457961320643
0.24164500242748133 | 0.21504343731207098
0.24353604851621838 | 0.21199377496090105
0.24145417979602132 | 0.21371198473177108
0.23937015584921323 | 0.20993241449598316
0.24121512531166608 | 0.2093636413592468
0.24580436080890514 | 0.21452613369332335
0.23959614238370627 | 0.20881516638138084
0.2441258416193093 | 0.21242461557568496
0.24396993238577558 | 0.21775811831276798
0.24477277144358964 | 0.21493040239744904
0.24061039670700052 | 0.21244248483042907
0.24811239457049952 | 0.21725425637160653
0.24054878592950948 | 0.21468118291263702
0.2442712130982322 | 0.2136990300968845
0.24236114773338568 | 0.2160174043541303
0.24400518288869566 | 0.21756674185448147
0.24324532210821528 | 0.21685203647157417
0.24290897571668071 | 0.2145332888142181
0.24014401723760553 | 0.21255053064364338
0.23931635305785423 | 0.2115605943162461
0.2390545767635473 | 0.21495437377739143
0.24039781811747638 | 0.209224380543889
0.24695006247801501 | 0.21812324768077535
0.24201329508960126 | 0.21215702507546838
0.24041632768373924 | 0.21723639042859208
0.23931903131620483 | 0.21276383923278822
0.2409875290709969 | 0.21261662265924872
0.24253432810219305 | 0.21560977544968965
0.2406052650719365 | 0.21323005598004782
0.23616766330310268 | 0.21110688161553448
0.23872266338875167 | 0.21304566977804043
0.24332042488903155 | 0.2155526686692885
0.24095674810708503 | 0.21469243802796376
0.2424538668314228 | 0.21596882422951638
0.24170024065229742 | 0.21615282094685823
0.24180959059784152 | 0.21241915406289008
0.24599166334216668 | 0.2146910395407289
0.24104573479954136 | 0.21159229107017363
0.24598426869754503 | 0.21868493265234581
0.2414077697019318 | 0.21559560756804064
0.24434596093135444 | 0.21561035148665494
0.24538411377275568 | 0.21362065788134468
0.24487633331251682 | 0.21175507111241773
0.24142733228728055 | 0.20840808544715736
0.24148709257958842 | 0.2126596158207096
0.239949349851762 | 0.21469806213774636
0.24148212656848847 | 0.2155419476941871
0.24295553060231695 | 0.21460916413602052
0.24429331683524338 | 0.21339576045401862
0.2419116128063307 | 0.21380751306413856
0.2426071062275891 | 0.21748442453984776
0.24232168419834582 | 0.21461032759556986
0.24372828980828298 | 0.21630041301091765
0.2468966696376147 | 0.2135516884881129
0.24618912376391586 | 0.21759983253267923
0.24188432007740943 | 0.21441658895211702
0.2409670715106386 | 0.2125190130915451
0.23775323885109198 | 0.20949387075248882
0.24746543819401556 | 0.21734077623752499
0.24776558645145186 | 0.21692655560008356
0.24602414308558543 | 0.22030650454239362
0.24352038263477546 | 0.21436317072730537
0.24129080362528152 | 0.2151378701953176
0.24231207874369562 | 0.21853589153280908
0.24278020232078024 | 0.21885828785212247
0.2421222632337021 | 0.2165694074088166
0.24127818529588102 | 0.21724287778960347
0.23921156978581834 | 0.2120391864752837
0.24343896963244674 | 0.21271914068419065
0.2460175686911385 | 0.21758304474574233
0.24326886594513186 | 0.2149338640231558
0.2415841700472739 | 0.21597956697304935
0.24429485483813165 | 0.2186082411878361
0.237605035519038 | 0.21153605866467248
0.2389059881428288 | 0.21314401502846853
0.2461833331323195 | 0.2175726155254157
0.2460877426056813 | 0.21776894229635077
0.2402596430369111 | 0.21509114028162052
0.2407339637465998 | 0.21281168845544043
0.2440230273571102 | 0.2123819155593498
0.24286795535775382 | 0.21432094557437156
0.24173839009525455 | 0.21465010159343026
0.24271334233495637 | 0.21887115707675292
0.2439910342949304 | 0.2158798227247028
0.24327274385430497 | 0.21621123036301193
0.2436713833448918 | 0.2163200673483857
0.2442998941082048 | 0.21212730237894525
0.24395235393075906 | 0.21688808510789173
0.24179017942006842 | 0.2084431494935929
0.23853617590950701 | 0.21297133592782713
0.24473612427412056 | 0.2153172770076246
0.24299733622479713 | 0.21706677321415851
0.24210712800722928 | 0.21337940642249917
0.24202224159436572 | 0.21897534511826788
0.24694065452229588 | 0.21495718783140158
0.24249124527386384 | 0.21606695650429178
0.2407481438255537 | 0.21576155323950744
0.24604371713575518 | 0.21779533877787743
0.2398591495516117 | 0.21259847603861193
0.24283550677441057 | 0.21280604571392547
0.24100755158609397 | 0.20939294544741044
0.24248589273688753 | 0.21548384722243263
0.24220212628414828 | 0.21226689594151896
0.2415786313135043 | 0.2151957909341564
0.24071506673615614 | 0.21335517097439552
0.24419794092875236 | 0.21570847357613968
0.2460901757227282 | 0.21761004306703766
0.24482392373596268 | 0.21332793950774553
0.2392909105822136 | 0.213326457123327
0.24358071745290946 | 0.21347398334313758
0.24294930047609992 | 0.21355658962675206
0.24446478353488776 | 0.21446617770859241
0.2406973853638239 | 0.21479488576208403
0.24369256732783073 | 0.2148559530459943
0.2450764921205983 | 0.21667735265173918
0.2410365963912864 | 0.212528355928929
0.24215271269158586 | 0.213823487334584
0.24136229345417604 | 0.2148858072510422
0.24273732460543573 | 0.21161537350454904
0.24544474313134737 | 0.21616224767293352
0.24461289642286208 | 0.21439903958258585
0.24239736832498865 | 0.21442079940381012
0.2438588641990463 | 0.21698133333263026
0.24417554475373587 | 0.21750681780706557
0.24600884338645665 | 0.2141587755639151
0.24506315135946896 | 0.2180352178622152
0.24427248749700137 | 0.21476103549700853
0.24052309051898033 | 0.2130816527401193
0.2419739354376532 | 0.2169944233811999
0.24150622417292447 | 0.21410428193709358
0.2409920992569803 | 0.21604621466482124
0.23731225965293495 | 0.21212399824881234
0.2411055285587063 | 0.213499767927876
0.24257835039977355 | 0.21469521584586826
0.24041140430233793 | 0.2089518877700358
0.2451843189253232 | 0.2148130997011282
0.24371017798476607 | 0.2162330516026258
0.24062851622150555 | 0.21640016689994937
0.2451370030248043 | 0.21656731123854162
0.24120855835653204 | 0.2140208772636292
0.24290455191753452 | 0.21729065233612493
0.24234247065636985 | 0.21383005765725058
0.23915137787357135 | 0.21304347496636464
0.246015186796982 | 0.2171221316031395
0.23635257945119348 | 0.21292902807342776
0.23923748913192042 | 0.21440427307622714
0.24006712151436882 | 0.21631206449304471
0.24057140744511515 | 0.2131990153137057
0.24582849606237636 | 0.21257668218165116
0.24932126389492865 | 0.21643073988037217
0.24113227560761466 | 0.21271256083463247
0.24068279109808394 | 0.21460187208426945
0.2442635970552055 | 0.2160958774563167
0.23832287716944006 | 0.20916617881034044
0.246830051095995 | 0.21899666577979596
0.24094973740201933 | 0.2127723608781722
0.23586577709894646 | 0.21517180721699977
0.2455134501479009 | 0.21771885128510077
0.23716695456908535 | 0.20966414567560987
0.24251319243574032 | 0.2166731825964225
0.2390178622528161 | 0.2130591170565008
0.24074884268224608 | 0.2154983297223
0.24161431370419303 | 0.2168157197221605
0.24936713284540984 | 0.21867889561749201
0.2404324331900441 | 0.217789547283898
0.24327764090616066 | 0.21053493480805727
0.24089653034526143 | 0.21627925377082585
0.2479702254166483 | 0.21872836009663835
0.2423098337289302 | 0.2159358426482474
0.2377388304998847 | 0.2138957227605095
0.2439128554228288 | 0.2125150837100858
0.24272407324564296 | 0.21371543062273346
0.24184517367596126 | 0.21765371837891853
0.24122170259361056 | 0.21801603650719412
0.2416696378619333 | 0.21453529927393933
0.24307460059617642 | 0.21438348784572803
0.2474694406906232 | 0.2220008569839273
0.24613876890852973 | 0.2162529565983927
0.2405010869241908 | 0.20876518771946204
0.24659132202589137 | 0.2210704840468232
0.24391368007565645 | 0.21740159345502003
0.2436944123434361 | 0.21800449744264075
0.2413394236158564 | 0.21320611221463173
0.24195789943739274 | 0.21250579137544506
0.24261015924417012 | 0.21347461596627232
0.24376365018888005 | 0.22004723180247196
0.24462386699484368 | 0.2149811520929301
0.24265130911855395 | 0.21474051577072326
0.2390875282612338 | 0.21374573154049067
0.24238075965665448 | 0.21520751229055984
0.23904323336457617 | 0.21409697309521503
0.24526393636107666 | 0.21340593267086963
0.2426084227080781 | 0.21311909454120231
0.23823919545901306 | 0.21436231325624447
0.24135419661219243 | 0.2153521288712083
0.24238586333943618 | 0.21335200263954146
0.24429388421371312 | 0.2130865030487229
0.24237316252507995 | 0.21023549375864883
0.2378948497206565 | 0.2109343905351728
0.2411853911041588 | 0.21146067135521152
0.23945700897822683 | 0.2172256322164495
0.23803221030856142 | 0.21212496012646428
0.23785769226818357 | 0.21285814367886136
0.2409485930824149 | 0.21191784410966868
0.24100793799952006 | 0.2145191481511374
0.24237513310262038 | 0.21927209496383612
0.23978479999782928 | 0.21311458524620153
0.24442809689170916 | 0.2147321995526039
0.2414637753123537 | 0.2158578855708615
0.24135894866654584 | 0.21633425708213497
0.24248263079563592 | 0.21541858268818073
0.24189631559579974 | 0.21512142446874974
0.241253898968277 | 0.2162664818307034
0.2424139958819658 | 0.2125627339202612
0.24197423663994094 | 0.21823041470505752
0.24082335024889326 | 0.21479142895711378
0.24225547953410342 | 0.21638512489561956
0.24068389425454148 | 0.2171877390690513
0.24092536234065456 | 0.21783094338792414
0.24510570171653903 | 0.2176633959091465
0.2414058644490329 | 0.21420351578448033
0.24015419536891527 | 0.21207273399602591
0.2452583689548077 | 0.21385403600167238
0.23698823444779005 | 0.2130069247518998
0.23897505055054205 | 0.21422980847787582
0.24311863542816628 | 0.21393927435321464
0.24313666474492557 | 0.21843067688899295
0.24235480673280074 | 0.21496478583093934
0.2405691189414157 | 0.20997799081463506
0.24235302286457117 | 0.21583122444620595
0.24272403007997487 | 0.21516406180674202
0.24085360834658315 | 0.21637404659469892
0.2454164925696528 | 0.21459733958914898
0.24406140589857872 | 0.21394628221167758
0.2462193780558898 | 0.21829442190043274
0.24367534173162853 | 0.2134836829862051
0.2442565802318584 | 0.2153889775624441
0.24132629180452211 | 0.21401480536674455
0.24078163402835573 | 0.2176130923386413
0.24517065960357495 | 0.21656660879966427
0.24153872646259836 | 0.2125521939713461
0.23745416581007842 | 0.2127673180034322
0.244638173994884 | 0.21618582273407236
0.23714650290549708 | 0.2118483242059459
0.24166649785848632 | 0.21111072390084354
0.2432516729893728 | 0.21478211553102267
0.24410300281066497 | 0.21668601817578026
0.23724413624920637 | 0.21197726960298943
0.24029617016102342 | 0.21314559730406119
0.24011640813843788 | 0.2152899158189727
0.2439495293174387 | 0.21654699699080981
0.2407469156633349 | 0.22035828357581694
0.23958930063158299 | 0.21216669491172105
0.24536192256855344 | 0.21805796933538465
0.24144137373497895 | 0.21229643961782144
0.24076201323361773 | 0.21456474016589272
0.24215207477087614 | 0.21701073361504397
0.24456345972842544 | 0.2187083430584027
0.2435686395313269 | 0.21567701830005453
0.241375277799345 | 0.21381424881748617
0.24255031993509582 | 0.21267919251229228
0.23832147561501063 | 0.21442078221455285
0.24405545046846897 | 0.2142858859351754
0.2396516122376427 | 0.21365923427761802
0.24020581661674006 | 0.2091493736317067
0.24529994568204408 | 0.2153635317712359
0.24263795196969443 | 0.21731568984054161
0.24374682586829238 | 0.21503766853726092
0.24371343647401927 | 0.21649028395061987
0.24482566614108284 | 0.2155950407895996
0.24443687791327798 | 0.22006935782029924
0.24404604361413415 | 0.2116470016658245
0.24371478242396918 | 0.21481246610154373
0.24396264326041717 | 0.21400468159478953
0.24518353769091664 | 0.21211673455795071
0.24203275642685793 | 0.21443020253175846
0.24357766701367686 | 0.21449570410751992
0.24402731109459075 | 0.21291347565127408
0.24347434080479255 | 0.21340981867852218
0.24177750807674842 | 0.21854246108939457
0.23957767527755752 | 0.21177868320849172
0.24336601512215325 | 0.2120134151261628
0.24246464878029853 | 0.2151685187637776
0.24056206543016873 | 0.20885683144380704
0.24738296658043207 | 0.2158346911455261
0.24203530250407 | 0.2122729127699272
0.23896911109954652 | 0.21384610723243505
0.24240362953526087 | 0.2164305984455558
0.24095054311998054 | 0.21206557738326082
0.24481630575553834 | 0.21695140692392847
0.24499164031795895 | 0.21641511111943765
0.23977338997072348 | 0.21562950664628233
0.24412266020179396 | 0.21434475849292053
0.2475951618375542 | 0.2174200130892566
0.24235098181005094 | 0.21622772980957602
0.24446610422154544 | 0.2131965158722976
0.2391213279085744 | 0.21144933134766172
0.2402214512403991 | 0.2097429356070321
0.2483516370340645 | 0.21945798846088987
0.2474353827915439 | 0.21523277096412455
0.24060116503553353 | 0.21000060958113506
0.24141949078659358 | 0.2155455081227053
0.24349208023069333 | 0.21613910559006577
0.24147537309870457 | 0.2155344876622181
0.24560104829014293 | 0.2150262057536969
0.24612707405387205 | 0.2163179943410776
0.24116651676578593 | 0.21522036736198155
0.24078093594821495 | 0.2155237781607125
0.24250071460447487 | 0.21332131955082032
0.24235169400991718 | 0.21842412282780674
0.24390773800682344 | 0.2139769096389942
0.24559840619492154 | 0.21448960995164112
0.24335206630913372 | 0.21229819411830084
0.24015089572131038 | 0.21425165274858524
0.24192213650132785 | 0.21734175326126845
0.24331655963614865 | 0.21320279542158574
0.2365430789757628 | 0.21363923116389025
0.2451674746893851 | 0.21548986936426862
0.24200020008964582 | 0.21600238418964046
0.24333216797192705 | 0.22212151195841454
0.2379252787843294 | 0.21269310259334587
0.2434660916302831 | 0.21299546927565857
0.2472094790404287 | 0.21968604636994843
0.24366381284074223 | 0.21311523600589677
0.24450202681565852 | 0.21483846638419163
0.24096874906796648 | 0.21665017358231725
0.2449890755474247 | 0.21724036164682134
0.24679846949274725 | 0.2177184498909076
0.24014027984400627 | 0.20910993446972723
0.24025469760896442 | 0.21411598172973023
0.2381709187732251 | 0.21236643014404466
0.24331329611223976 | 0.2152623562307022
0.24144828652546096 | 0.2126271473253471
0.24240056164062887 | 0.2176684095424289
0.23642278716731238 | 0.21023159733828006
0.2425863202014265 | 0.21552692412535598
0.24196084955633085 | 0.21507176719170945
0.2454913672797183 | 0.21580512661215984
0.24421822620608416 | 0.2171461564549712
0.24569369932240911 | 0.21518978360002197
0.24344138328800077 | 0.21637121728700384
0.24133886568237956 | 0.2108679823227356
0.23987425051842334 | 0.21401747286838568
0.2368953413012671 | 0.21287289999008957
0.2438161551195965 | 0.21412395101080853
0.24086924557403475 | 0.2163632278996495
0.24353829348849568 | 0.2167915690242649
0.23511173378106906 | 0.21177815530154745
0.2443528477501903 | 0.21278164903112445
0.2431784003511256 | 0.21484626457093262
0.2454770310324244 | 0.21481166547281205
0.24418384428262463 | 0.2181027373943408
0.24184334798402682 | 0.2106354166397257
0.23743894388908873 | 0.20993245582599188
0.24155191110625698 | 0.21403354385082024
0.24365101401266484 | 0.21520206216649704
0.2461906701219643 | 0.2173478707889049
0.2433054653544236 | 0.21714040207297045
0.2416130196260969 | 0.21207557908336555
0.24349660533151882 | 0.21425240764755302
0.24001738297517405 | 0.21144453236553196
0.23993137908380893 | 0.2144656348907239
0.2453933464588655 | 0.21658367291741637
0.24664585019378976 | 0.21606915907009736
0.2376180513884712 | 0.21105955765607115
0.2389110403496224 | 0.21173976498116998
0.24399607795013786 | 0.21291459488470826
0.24727732860203963 | 0.22033740289220405
0.24205729204387363 | 0.21708743741019365
0.2383492979115553 | 0.21416839444505997
0.24350188360720135 | 0.21392261440174765
0.2475256414389757 | 0.21896309130275013
0.24007215056435835 | 0.21618622847768604
0.23885731324268747 | 0.21403229261044998
0.24027761842286777 | 0.21358807631782756
0.24412977514789674 | 0.21607880359616302
0.24263491030065668 | 0.21637059789762383
0.2447573346144406 | 0.21839287976684632
0.2445689365223963 | 0.21313786190029338
0.2407995675625918 | 0.21324449008220375
0.24267425427983 | 0.21466296732556528
0.24252289163094995 | 0.21317629662485008
0.2425238505857352 | 0.21334763695510678
0.24151672115140696 | 0.21634696532010161
0.2394016545966243 | 0.21431201376187553
0.24405880515806663 | 0.21836401900989025
0.2407064789775815 | 0.21139244241190194
0.23770788503800566 | 0.21107059105884132
0.24593309403082037 | 0.21830971074630784
0.2404685013935594 | 0.21256458899548067
0.24418215612113345 | 0.21554543544833152
0.24530542152379078 | 0.2124868731020003
0.24175980014954068 | 0.2127820207385702
0.24386843940857847 | 0.2172168789742826
0.24306586708706995 | 0.21554802179813481
0.24195838556078764 | 0.21506457063502157
0.24081937889576097 | 0.2127819020733629
0.23460649978368198 | 0.20973087785575828
0.23860304656017156 | 0.21236124883493498
0.24497806943268738 | 0.21795119389054107
0.24308926666018582 | 0.2122190349861449
0.24192406723272655 | 0.21176289627633918
0.24010672168518302 | 0.20933379035313376
0.24502031709780442 | 0.21476584522352055
0.24343304323058312 | 0.2115506584998767
0.24178634223522624 | 0.21259508490680015
0.243080759612323 | 0.2140765463657137
0.24091706578650599 | 0.21333022277084074
0.24222953188932786 | 0.21819078693932512
0.2415659811297638 | 0.21063517360323739
0.2415170195493887 | 0.21520037418356022
0.2435868840839296 | 0.21724645285460492
0.24218032110127194 | 0.21344234791914377
0.2402426197136299 | 0.21304468931563253
0.24305551352084914 | 0.216284949240863
0.24215688455194778 | 0.21352448625313905
0.24667223227213175 | 0.21698570169479053
0.2426242575195952 | 0.2174414034897418
0.2372204193435121 | 0.21172200060554427
0.2427310380153549 | 0.21689581312013353
0.2452177792173512 | 0.21644236081213747
0.2441801254020224 | 0.2157991609743809
0.23891672734583017 | 0.21392302609779582
0.24363129653988438 | 0.21552698499822837
0.2439260778015362 | 0.2141162786766124
0.24182237593525338 | 0.2132505005543332
0.2489665233749786 | 0.21512656685970905
0.24208197266795287 | 0.2143694224348934
0.2449699386749628 | 0.21234362107494686
0.24349252485093958 | 0.21903701200132533
0.24215260265532185 | 0.21438447530775773
0.24839077804697152 | 0.21738572569139517
0.2483695644375969 | 0.21537702329849195
0.24843971677903137 | 0.21775501583550086
0.24024057781808225 | 0.21465093644345565
0.24143951214346338 | 0.21399561211234489
0.24116600868234267 | 0.2124184407625696
0.24338914858897703 | 0.21585640035356732
0.2408608713427388 | 0.21325098371006726
0.24299891356689307 | 0.21688779547960102
0.23838642319779285 | 0.21420337487088914
0.23865396254051213 | 0.2152937729512864
0.2404976084954879 | 0.2100285715823925
0.2398228492424245 | 0.21569553749729056
0.24237803036324906 | 0.2144023060163839
0.24208236925207463 | 0.2155132631464697
0.23819047637373653 | 0.21130313747562965
0.24310667676958944 | 0.2145105550141756
0.23867879578064505 | 0.21343727380722416
0.24313843663962662 | 0.21389808137858496
0.24490265169432468 | 0.2176448256123093
0.2411854305928062 | 0.2143883906548262
0.24419362991969235 | 0.21395485829414948
0.2431929262989138 | 0.2139279978637969
0.24377578140429387 | 0.21487953526313242
0.24412932412175536 | 0.21666927086293358
0.24016156614994802 | 0.21524754262081233
0.24486022427010176 | 0.21238635001400194
0.24077915523396884 | 0.20915029571948607
0.2435958452697193 | 0.21415256921428039
0.24010105870301876 | 0.2124669973655816
0.24029565379616244 | 0.21050625837838788
0.24019590753115086 | 0.21852835913188723
0.23814639739405585 | 0.21103064114710077
0.24104870140173237 | 0.2172533299251066
0.23810533358368982 | 0.21413017315254282
0.23980676590803157 | 0.21284326164727932
0.23778134890357852 | 0.21385838473014168
0.24211012317964917 | 0.2155030355956048
0.2451728176817501 | 0.21779980252509099
0.2439685891043532 | 0.21011876418988046
0.24391645582080704 | 0.21672107403486124
0.24196961620421356 | 0.2134413986530449
0.2432433542416099 | 0.21506425467595175
0.2415043569271149 | 0.2135024026834387
0.24272356438618375 | 0.21542272122128348
0.24146146529533688 | 0.21191184035365537
0.24251114295809098 | 0.21833163182115625
0.24287408751101597 | 0.21493658151652578
0.24175489015195317 | 0.21391041107650238
0.24650603800567117 | 0.21872751679719546
0.2420599656516613 | 0.2156293658099027
0.24527451548576912 | 0.21311919114070463
0.24013374352395703 | 0.2132387129116006
0.24526368941966362 | 0.21571426028603868
0.24156728981489514 | 0.21366292572672227
0.23950653750409154 | 0.21516534832452447
0.24208088091572372 | 0.21004252714145097
0.24280449945397697 | 0.21253780526303653
0.24206359827381027 | 0.21018279627826203
0.2442999656218999 | 0.2151902935231485
0.23966949391347375 | 0.21308787175056465
0.24331853798789208 | 0.21391909565547182
0.24078520309603557 | 0.21730000597795623
0.24916317547604908 | 0.21876994644923936
0.24049001589068275 | 0.21205562715300194
0.243181619780363 | 0.21487702698349248
0.24164045732485148 | 0.21710073397085464
0.2432982829478281 | 0.21105135480718756
0.23944730673854697 | 0.2111527093799803
0.24403726022013322 | 0.21627437576081546
0.24671952531394276 | 0.2193114945275119
0.2473160995172734 | 0.2215465642986241
0.24113654655817104 | 0.21620776993293916
0.24450308673633359 | 0.2153694075692507
0.24206081026353066 | 0.21465506662957204
0.23742609360446862 | 0.20742417498034812
0.24218519907217495 | 0.21722184844016945
0.24036283504706626 | 0.21234127629523036
0.2397289367561575 | 0.21323976087449523
0.24111806559456528 | 0.21173055890014278
0.24504100682229604 | 0.2150847438107762
0.24412928081925098 | 0.2149856712685653
0.2422866242446712 | 0.21216749386119926
0.24418662041405612 | 0.21599290004063632
0.2441107832682828 | 0.2134781365785593
0.24145907486406337 | 0.214788384860528
0.2403615779177506 | 0.20860708219269183
0.23775366692782363 | 0.21368351143794334
0.24392113303796337 | 0.2180461646057402
0.24160709633991767 | 0.21469003858686006
0.24561176521166492 | 0.21643494928926638
0.24324520807536176 | 0.21875224269401908
0.2362783995744114 | 0.208021006890984
0.24383055891566305 | 0.2180114741950866
0.24414832373292497 | 0.21903222652474208
0.24396062327035764 | 0.21341453291645288
0.24379038474221656 | 0.211046997088399
0.24586838708275507 | 0.21344205299532873
0.24679985988728917 | 0.21644906504709538
0.24226753394940273 | 0.21594423867375262
0.2429084281586722 | 0.21403338808209627
0.23970005668498928 | 0.21401663298336307
0.24057115431892787 | 0.2164691411975183
0.24517403464072274 | 0.2145138696679176
0.2412275988256788 | 0.2120156592722677
0.24269541512694645 | 0.21440261620576673
0.24171222285578217 | 0.21228580077142564
0.23972328352195366 | 0.20868184882749952
0.24227856309277515 | 0.2149637821563522
0.24472883310397917 | 0.21723566193497137
0.24334449503781735 | 0.21540071389445054
0.24320159784629436 | 0.21518816995593476
0.24541202343125426 | 0.21268015825008482
0.2415845184137692 | 0.21589905282021818
0.2414031773717226 | 0.20797551981310466
0.2435244800532096 | 0.2110379214813653
0.23949815830703855 | 0.21320286689687198
0.24135258729001863 | 0.21333243576879787
0.24484064953266996 | 0.21550892520356862
0.24374167209337916 | 0.21947235880730065
0.23917162544114376 | 0.21226071279821382
0.23911833042941663 | 0.2150649844940941
0.23939305367723762 | 0.21068545882022147
0.2430982428245053 | 0.2126954452904557
0.24046364767752804 | 0.21680974990481128
0.24223186287324758 | 0.2141066063417522
0.24381907598458555 | 0.21395062189602584
0.2374772550294806 | 0.21546573371886407
0.23926174473882936 | 0.21083702899423637
0.2422236046622052 | 0.21414293836009946
0.24333399035135816 | 0.21485548170952032
0.2447793354000938 | 0.2140588718059808
0.24590053905218884 | 0.21692999844270008
0.24422820352505645 | 0.2123715019780956
0.24552730524483418 | 0.2177980753388728
0.24148400420745836 | 0.2141925800902222
0.23877570377638574 | 0.21263582129079345
0.24708152619525572 | 0.21486120726991373
0.24482084816115024 | 0.2191519278664445
0.2369325176037586 | 0.20990942525248502
0.24245905640845697 | 0.21381015037553977
0.24441806239986802 | 0.21605284556577903
0.23807948883032357 | 0.21521336425490906
0.2427354817362215 | 0.2152185214095065
0.24089037288059742 | 0.21385333264336118
0.24412712655364985 | 0.21765128939320902
0.24272576682039468 | 0.21465509701063581
0.2452827607282544 | 0.2224957146575302
0.24309767170222638 | 0.21418652479178418
0.24652754069616006 | 0.21427652209594217
0.23775094425131837 | 0.21466116513869538
0.24850306964066587 | 0.2140959897548133
0.24099232938764023 | 0.2138564631380904
0.23755066638962316 | 0.2066892315026817
0.2440511101968683 | 0.216317918081999
0.2432393908047116 | 0.21569810949291165
0.2431431693127211 | 0.21194071188184804
0.24097229356395725 | 0.21284958206511848
0.2426684304357519 | 0.2129308537372042
0.24122558064539074 | 0.21115039017330228
0.2440911837922158 | 0.21419113088647518
0.2398972374725159 | 0.21480419350056099
0.23965552709765564 | 0.21596731836338273
0.24451525149534295 | 0.21399932610507824
0.24329894444261532 | 0.21172494254692076
0.23771827039821242 | 0.21446945590566585
0.24053718617523157 | 0.21293011424400388
0.242011873695853 | 0.2155762991303487
0.2426290348213282 | 0.21574060188359137
0.2434783639730878 | 0.21270096359460902
0.2407718280225594 | 0.21519953234715858
0.24507447403305513 | 0.21215401093758096
0.24024456519131349 | 0.21257415954883088
0.24495085342805506 | 0.21439702648085124
0.2415033839674547 | 0.21459859811565513
0.24102886470549825 | 0.21298427118702679
0.24314659872354813 | 0.21775696712260625
0.24145306687834264 | 0.21090182943171473
0.23751068028773875 | 0.2130036900211161
0.2448668997707211 | 0.21588263058670037
0.24288784513067746 | 0.214960656164562
0.24189300350809875 | 0.2144539999332614
0.23909842474334372 | 0.2144975942913769
0.24395987832708654 | 0.21267983540233418
0.23779254470951794 | 0.2128932452840358
0.2437328193380639 | 0.21517980582012233
0.24550482942052543 | 0.21731309680818525
0.24067097411954855 | 0.2129131737504987
0.24704512181415839 | 0.22367478465142288
0.23357806960209818 | 0.2055285281917826
0.247516209394851 | 0.2177210916113796
0.24363020418643092 | 0.2142308241824127
0.23819699426944074 | 0.21303122708525707
0.24083833365669732 | 0.21382512407160575
0.24061294842133416 | 0.21486682748237468
0.2436037726451688 | 0.21166593464497027
0.24547410366464517 | 0.21618401984170457
0.2436860029042624 | 0.21720861048724016
0.2405454433087765 | 0.2128740187209521
0.2416155387495292 | 0.21317336567374418
0.24241684863308444 | 0.21509412675724437
0.24301576012019335 | 0.21786545445782338
0.24184519729940426 | 0.21654751092886695
0.23921643272265103 | 0.21503212197958063
0.2452974493563649 | 0.21583290790360818
0.24542427962522553 | 0.21410217569755524
0.24004521155155506 | 0.21220366266318566
0.24298665357621585 | 0.21480730355399918
0.24373119513196442 | 0.21945840379527182
0.2445363239918427 | 0.2133537755445539
0.24735902483310143 | 0.21653722641568077
0.2459358889349058 | 0.2149381032424581
0.24416948688863807 | 0.2191522134184775
0.24267261250599148 | 0.21267992601595828
0.24002302560070293 | 0.2157735170576859
0.24248320443603313 | 0.21476336910510024
0.2405592546881327 | 0.2112629029715917
0.24664560248560752 | 0.22030866036787422
0.2439121880679826 | 0.2171896423350988
0.24482582914430626 | 0.218499094684321
0.24411210044714865 | 0.2165251628414955
0.2469369028577417 | 0.21431906551058394
0.2428463136816964 | 0.2144749735709348
0.24560156668821956 | 0.2182964564260247
0.2396297477918317 | 0.21200577863338557
0.2438637512914896 | 0.21241472317299329
0.24006668270301976 | 0.211145955690143
0.2439742260444347 | 0.21605778828699135
0.24395658970693462 | 0.21329975953672217
0.2438679825432495 | 0.2133048278870835
0.2436801929103694 | 0.2143176271151801
0.23999576236362066 | 0.21456896974132564
0.24599715739219977 | 0.214110415733779
0.24499563398841967 | 0.21703672095346538
0.23997844223163126 | 0.21225347774984563
0.24170182584634228 | 0.2130000251348869
0.2475030981613618 | 0.2156893152457361
0.24248544645930709 | 0.21646110508897407
0.24191485488426592 | 0.21174362864176235
0.2452393317543427 | 0.2198482889473098
0.24463527185568423 | 0.22062628025205988
0.2390645128362742 | 0.21296438108472485
0.2407499101291982 | 0.21238004739633579
0.2432902212546111 | 0.21785124727572058
0.24554540733801133 | 0.21447597319563938
0.24691933499336893 | 0.21489792135940106
0.24193053244112858 | 0.21211453852236847
0.24400214144647991 | 0.21964935816269968
0.2438783865038662 | 0.2110245554612895
0.23931993936809615 | 0.21615474213781696
0.24128369517954412 | 0.2142345724987783
0.2433135173731951 | 0.21802934056269807
0.24388998264744294 | 0.21434804636079793
0.24653029522648287 | 0.21814020472475318
0.24125873944395387 | 0.21480070699079618
0.24660805052365783 | 0.21568856764403677
0.2422958261216569 | 0.21617243145970275
0.2474043318461287 | 0.21444846385663835
0.2431451640510363 | 0.21670190352355512
0.24223899541614227 | 0.2155915183301037
0.24157438649577676 | 0.21255553747434547
0.24436626208895326 | 0.2182730810533794
0.24783512607912286 | 0.21854234439017733
0.24281017263909058 | 0.2141720886125515
0.2447504572196442 | 0.2155807990187132
0.24421719139899353 | 0.2141477707304967
0.2425105674892408 | 0.21445201797205626
0.2442351414724458 | 0.21610811106525774
0.24181073037177336 | 0.2146632036950371
0.24046551548746217 | 0.21742513713874556
0.24434299331039863 | 0.21569061203262266
0.23954227080312346 | 0.21371238807676965
0.24745543191944527 | 0.21636690303627873
0.23815021252612817 | 0.21085128058360486
0.24159570405848144 | 0.2160601001890416
0.24017453041605724 | 0.21428395660642865
0.24346361406413985 | 0.215403450743624
0.24366145123018132 | 0.21718199078000833
0.24293074227501518 | 0.21039603933192003
0.24538441127599353 | 0.21606478588858408
0.243280996380058 | 0.21638695775032218
0.2438853449185978 | 0.21529550801715208
0.24336049035889076 | 0.21029349905235134
0.24387460301268674 | 0.2142674725462146
0.24693321216974415 | 0.21694811289685295
0.24133714197975495 | 0.21257429528677957
0.2432984165915544 | 0.21092165449229675
0.24160603568835595 | 0.21244500371803962
0.24133968082226417 | 0.20918355754269582
0.23900521151320547 | 0.21284949641219778
0.24056040651771526 | 0.20966900553118495
0.24165826501611218 | 0.21392050335534224
0.240307647938176 | 0.21818473421090948
0.24522249432586066 | 0.21714175631558785
0.245063658862538 | 0.21457645368091768
0.24642921390753714 | 0.2179124861993887
0.24657172179721387 | 0.21622993352521636
0.24046443384280486 | 0.21723049532340452
0.24116685030066698 | 0.21332713334739437
0.23982391550166435 | 0.2113141044292517
0.24471077817135098 | 0.22025133397686794
0.24361176562088885 | 0.21658782879334432
0.24417300965739275 | 0.2145269489212573
0.2411376079922257 | 0.21236811280374987
0.23734496383070325 | 0.21424724787668414
0.24365099943633328 | 0.21185382516755635
0.23962391412187184 | 0.2120330008529548
0.24569215400429742 | 0.21288559093030213
0.24457136346246156 | 0.2142883630591558
0.24360957210205486 | 0.21463893233733344
0.24207228789228996 | 0.2143049346668792
0.241925454616169 | 0.2142793888720151
0.24140129735333335 | 0.21741251724241126
0.2440313785212065 | 0.21948617295599238
0.2393657945513059 | 0.21176849509859172
0.244929655830651 | 0.21746967362352004
0.24448161238380017 | 0.21707087982682616
0.24291048132999418 | 0.2138929258050416
0.2419680543330639 | 0.21607517095850545
0.24576009204249463 | 0.21590659154261366
0.24934026445795204 | 0.21691731220059698
0.24198998390239457 | 0.21882429384282465
0.24561119031725223 | 0.21501079329113626
0.24339803135470056 | 0.21427623467599435
0.24347714019378527 | 0.21183946347757082
0.24304621120867073 | 0.21301571547668607
0.24398951783523862 | 0.21669982605292631
0.2444460994854287 | 0.21800716384897587
0.24069732929509768 | 0.211942215619934
0.24300087389208416 | 0.21719403576722793
0.2405963644276751 | 0.21410165594858374
0.2455951168956983 | 0.21514815458369574
0.2354734919282672 | 0.21387556402778868
0.24417519150394795 | 0.2141001444979587
0.2395286852140237 | 0.2139997511214776
0.24464888502154886 | 0.2155129066967731
0.24356926079321162 | 0.2141557763164219
0.24058390623936646 | 0.21653378324974812
0.24292253157066648 | 0.21601399959260584
0.24264924172875366 | 0.21683013200256773
0.24374565189200928 | 0.21529965229762538
0.23999534323936564 | 0.21524766365678968
0.237611418403591 | 0.21215519178846678
0.24595590741826995 | 0.2174890494176868
0.24403308681498498 | 0.21639235005747354
0.24327197302230358 | 0.21495163398528794
0.24074363134027427 | 0.21440901298238685
0.24961526378818408 | 0.21711514397046427
0.2451925978616719 | 0.22053541286878978
0.24173743340424333 | 0.21547183203321169
0.2449752438478922 | 0.21721953342788375
0.24129465097497554 | 0.214748156028878
0.24637239921646542 | 0.21836807068935032
0.2392346669071416 | 0.21378148102810943
0.2402630991158758 | 0.21273920725312748
0.24086535885820037 | 0.21430668869098363
0.24321909715772727 | 0.21821202622998712
0.24259782773747743 | 0.21246349860639965
0.24081352601874434 | 0.2135413733837247
0.2414872428922891 | 0.21476122181994584
0.24435228354263502 | 0.21917908304470574
0.24463097379387908 | 0.216396649480093
0.24363175366360046 | 0.21583359185355827
0.2375081227470007 | 0.2097232100712405
0.2367273518965334 | 0.21468614528248398
0.2475143863842541 | 0.216120105620787
0.243929522569934 | 0.2166713373962967
0.24204121052142738 | 0.21440839299541242
0.24321129724910262 | 0.21797448665458732
0.23816046631631388 | 0.21075266539238366
0.2442976565051512 | 0.21471176390775323
0.23757862936643467 | 0.21034295138670436
0.2462200201002485 | 0.21876360110095086
0.24310463766305007 | 0.21417619722065825
0.24029684844027227 | 0.21350013117575548
0.24668946295721397 | 0.21562781782200505
0.24264090428080806 | 0.2161548530494195
0.2453062961767345 | 0.2160029925714895
0.23870418303871002 | 0.21299262718015882
0.24444099501014324 | 0.2167275433932733
0.24316326353048973 | 0.2201881987455052
0.23865287588068781 | 0.21394159271005297
0.24229591249672228 | 0.2155914044732805
0.24242848428973182 | 0.2127613142257469
0.24131404456245403 | 0.21531423593548554
0.24398184952717789 | 0.21639286928879614
0.24023069748469128 | 0.21496596940886564
0.24010102084559354 | 0.2185264095847078
0.23941977029312586 | 0.215286569123275
0.24346735145447396 | 0.2175863117827153
0.2395196342981918 | 0.2127821304309256
0.24452539904336482 | 0.21428784526874398
0.24808961490080764 | 0.21473526137415677
0.2397311615300257 | 0.21505218339814686
0.2458283358814217 | 0.21739831019757913
0.24397103107923288 | 0.21236095384585074
0.24089348025061608 | 0.21068612167129633
0.24185322319676408 | 0.2112452278764135
0.2432619928630303 | 0.21528518747414763
0.2456140550892512 | 0.21686345210967814
0.24425346542695314 | 0.21680025542938966
0.24282252510168506 | 0.2160383105802333
0.24138266313005002 | 0.20925832019435478
0.2392805307254059 | 0.212164744476056
0.24919889340889367 | 0.22097462550481345
0.24220079995656074 | 0.2170364428568727
0.24220406890342583 | 0.21507674151427864
0.24256271650766864 | 0.2137991636645323
0.24014883361599804 | 0.21560645861121513
0.24085231986960964 | 0.2139769053201983
0.24196623105656084 | 0.21253297025812648
0.24158434642374305 | 0.21082982805854614
0.24209173842018314 | 0.21316574738852176
0.24260698077453902 | 0.21652758780670378
0.24314022349729747 | 0.21702182804090447
0.23985709353040935 | 0.21557536390973578
0.24205175143376767 | 0.21362812515272042
0.24068980141696075 | 0.2112354769320644
0.24266925499815775 | 0.21725688490394368
0.24627231979290212 | 0.2185428911892357
0.24552015008730688 | 0.21377086809605345
0.23872836583216 | 0.21113276025639663
0.23855473473705166 | 0.21288609355063215
0.24391118495287786 | 0.21629085889545002
0.24909043073415404 | 0.21745543605073214
0.24316792885717284 | 0.21436286805730695
0.24224622301605317 | 0.21218414003772923
0.24244647328914168 | 0.21672374669702307
0.24723958020700143 | 0.21692472644560334
0.24517384419597113 | 0.21486041173340875
0.23860981713359122 | 0.2155590511255834
0.24066960622048927 | 0.2160074375875965
0.24142799223047492 | 0.21286246549026458
0.2481587316516386 | 0.2186041961649495
0.24427960169254595 | 0.21725601383207133
0.2408943567286852 | 0.21080582623514885
0.24300594593139865 | 0.21313551230915523
0.24149236021739834 | 0.21392239963189516
0.24758233172032298 | 0.2143542634874006
0.2433490950625775 | 0.21818214080180104
0.2406702791458236 | 0.21715183732958981
0.23929437475729615 | 0.2156846843647476
0.24093759481643703 | 0.21190354434871428
0.24230730100380185 | 0.21724523230197743
0.24115395244024163 | 0.21241683122641752
0.24340559009478158 | 0.2171052894208198
0.24304828931105293 | 0.2157358234406071
0.2422297232459205 | 0.21161180780090338
0.24094813986159408 | 0.2165101849720526
0.2407929143785198 | 0.2113958574124884
0.2401201015032724 | 0.21482339661584918
0.24437328796099772 | 0.21401518531135463
0.24740839060592623 | 0.21830507122742188
0.24374269806807947 | 0.21581441509752317
0.24491962164165904 | 0.21453652471843193
0.24398945698678298 | 0.21801081358233124
0.24572689746400242 | 0.21631227125410546
0.24088101231619263 | 0.21637069387037172
0.23912355808439187 | 0.21047257860125232
0.2421501446681 | 0.213427732150374
0.24129789048874933 | 0.21133374332750357
0.24356055408200772 | 0.21724623461889753
0.2391355703259821 | 0.21200321826191446
0.23984216330964678 | 0.2147841252224808
0.2422416551434762 | 0.21551327664853961
0.23754672130140855 | 0.20969582042743837
0.2411931665765811 | 0.2127617756252527
0.23909559142421277 | 0.21289529770262194
0.24086825698373043 | 0.21355855621281322
0.24089973188973213 | 0.2180974052095008
0.2373737051355423 | 0.2111368979326865
0.24525379437510372 | 0.2175780272103866
0.2432242618419246 | 0.218670115310377
0.2450331952636332 | 0.21489780133373879
0.24106373687552388 | 0.213160137154618
0.24129821718928693 | 0.21563568063083585
0.2472568955646936 | 0.21694422292547014
0.24256436368400097 | 0.2153207606113003
0.24209425610957452 | 0.214235085925437
0.243842335584198 | 0.21550605557240068
0.24628162798687803 | 0.21451760115437912
0.2461080747571492 | 0.21629041062054677
0.24137527782650753 | 0.21586987734574953
0.24256871516892273 | 0.21407419666399585
0.245608698638699 | 0.21538129190194993
0.24613737012835973 | 0.21650428023182788
0.24244110639952773 | 0.214444096985451
0.24058317216875222 | 0.21506574240255943
0.2405434611216546 | 0.21084380113106546
0.24135323101835934 | 0.216851546056373
0.24324480482495278 | 0.21673535900830235
0.23894833530596082 | 0.21584867457710985
0.24363495080247907 | 0.2168505646210922
0.24582399371871788 | 0.21782044974878564
0.24044999863515049 | 0.21166413987167798
0.24131638422982185 | 0.2150254835340793
0.2431075680477029 | 0.2140306875945802
0.24124248825781391 | 0.2140393390662007
0.24471895866804744 | 0.2165305434295981
0.24119178681357464 | 0.21771071522670002
0.24518779784873412 | 0.21275490829083252
0.2438886283744746 | 0.21291309289435506
0.23769946896059144 | 0.21006534264617346
0.24607625512387857 | 0.21980849547120515
0.24051878615884362 | 0.21141033348803054
0.24464326498651842 | 0.21397216055900348
0.2400261708707807 | 0.21387176195988547
0.24220385234965947 | 0.21096698694626534
0.24633289242152187 | 0.21728581105470013
0.24400757139413093 | 0.2182695601521804
0.2424911890285121 | 0.21521374159292267
0.23783928759823855 | 0.21299500606795158
0.24262025538303053 | 0.21737372893580897
0.24822076671263427 | 0.22010066420849295
0.24226357409267088 | 0.21875274100149486
0.24473026825873714 | 0.21568376207473605
0.24569837283361562 | 0.2163628429116423
0.24201292705995373 | 0.2142748448677507
0.24241961411497662 | 0.218763896159198
0.24287324767166468 | 0.2145672985179242
0.24485043946369037 | 0.21564888035665677
0.2394714129594052 | 0.20653214984597107
0.23931268704171846 | 0.21481346397678136
0.241666125476856 | 0.210320689716066
0.2412669095035442 | 0.21526386183822924
0.24401034323292012 | 0.21851308589612864
0.2440750058870391 | 0.21487385916569385
0.24567871641490638 | 0.21301950288946525
0.24254715349199482 | 0.21708783691256966
0.24165084217969365 | 0.21269555272742183
0.24268936066751007 | 0.211839662900651
0.24528813962039792 | 0.21811520162424897
0.24120286222820506 | 0.21329794915589226
0.24495487578083747 | 0.21390886455386648
0.24110895583017256 | 0.21789139361081658
0.2425552347754295 | 0.21376896515348065
0.24175171645868435 | 0.21089888261173706
0.23933130651380968 | 0.21016338942525536
0.24713246620597265 | 0.21723454995700198
0.24299502887314406 | 0.21159270391296947
0.24593354201531029 | 0.21669532043213222
0.24159021808675935 | 0.21322222136521551
0.24058122900376902 | 0.2117716951833639
