Results:
E: -4.360176809175351e-15
0.045891336834668534
2.228132972016391e-31
0.04530894832783759
1.9606251522795715e-31
0.045891336834668346
2.4351352868858674e-31
1.8595327314280515e-6
3.397561551091561e-31
0.045599677698070655
1.3065544514368838e-30
4.6488318285693716e-7
4.626807529038953e-32
0.18239871079228046
0.045019148723971614
3.049144823575903e-31
0.04501914872397133
2.2982511487308605e-30
0.18123579331135126
1.81797145702419e-30
0.181816787168633
1.3062869041915722e-30
0.1818167871686328

E: 6.685007196029635e-16
0.13592684498351354
7.5344064053685995e-31
0.015297112278222866
1.5572497024071478e-31
0.13592684498351373
9.407472020700786e-32
0.2424223828915109
7.015369828363306e-31
0.015006382907990215
2.374776910331927e-33
0.0606055957228776
3.272971875946013e-31
0.06002553163196154
0.13679903309421065
5.82555190515677e-31
0.13679903309421024
9.396264532847459e-34
0.06118844911289102
3.47363779100346e-33
1.3946495485706013e-6
3.338986728038535e-31
1.3946495485699118e-6

Suma dwóch stanów z zerową energią (po podzieleniu przez 2):
0,090909091
0
0,03030303
0
0,090909091
0
0,121211191
...
